1111110001000000000111110000111110001000001000111110
1000001001000000001000001001000001001000010001000001
1000001001000000001000001001000000001000100001000000
1000001001000000001000001001000000001001000001000000
1000001001000000001000001001000000001001000001000000
1000001001000000001000001001000000001010000001000000
1111110001000000001000001001000000001100000000111110
1000001001000000001000001001000000001010000000000001
1000001001000000001000001001000000001001000000000001
1000001001000000001000001001000000001001000000000001
1000001001000000001000001001000000001000100000000001
1000001001000000001000001001000001001000010001000001
1111110001111111000111110000111110001000001000111110