0111110001000001000111110001000001001000001
1000001001000001001000001001000001001000001
1000000001000001001000000001000001000100010
1000000001000001001000000001000001000100010
1000000001000001001000000001000001000010100
1000000001000001001000000001000001000010100
0111110001000001001000000001111111000001000
0000001001000001001000000001000001000001000
0000001001000001001000000001000001000001000
0000001001000001001000000001000001000001000
0000001001000001001000000001000001000001000
1000001001000001001000001001000001000001000
0111110000111110000111110001000001000001000